function [baseMVA, Bus, Branch, Oltc, Cap, Pv, Gen] = case123

%%-----  Power Flow Data  -----%%
%% system MVA base
baseMVA = 100;

%% bus data
%	bus_i	type	Pd	Qd	Gs	Bs	area	Vm	Va	baseKV	zone	Vmax	Vmin
Bus=[   
    1.0000    3.0000         0         0         0         0    1.0000    1.0000         0  100.0000    1.0000    1.0500    0.9500
    2.0000    1.0000   20.0000   10.0000         0         0    1.0000    1.0000         0  100.0000    1.0000    1.0500    0.9500
    3.0000    1.0000         0         0         0         0    1.0000    1.0000         0  100.0000    1.0000    1.0500    0.9500
    4.0000    1.0000   40.0000   20.0000         0         0    1.0000    1.0000         0  100.0000    1.0000    1.0500    0.9500
    5.0000    1.0000   20.0000   10.0000         0         0    1.0000    1.0000         0  100.0000    1.0000    1.0500    0.9500
    6.0000    1.0000   40.0000   20.0000         0         0    1.0000    1.0000         0  100.0000    1.0000    1.0500    0.9500
    7.0000    1.0000   20.0000   10.0000         0         0    1.0000    1.0000         0  100.0000    1.0000    1.0500    0.9500
    8.0000    1.0000         0         0         0         0    1.0000    1.0000         0  100.0000    1.0000    1.0500    0.9500
    9.0000    1.0000   40.0000   20.0000         0         0    1.0000    1.0000         0  100.0000    1.0000    1.0500    0.9500
   10.0000    1.0000   20.0000   10.0000         0         0    1.0000    1.0000         0  100.0000    1.0000    1.0500    0.9500
   11.0000    1.0000   40.0000   20.0000         0         0    1.0000    1.0000         0  100.0000    1.0000    1.0500    0.9500
   12.0000    1.0000   20.0000   10.0000         0         0    1.0000    1.0000         0  100.0000    1.0000    1.0500    0.9500
   13.0000    1.0000         0         0         0         0    1.0000    1.0000         0  100.0000    1.0000    1.0500    0.9500
   14.0000    1.0000         0         0         0         0    1.0000    1.0000         0  100.0000    1.0000    1.0500    0.9500
   15.0000    1.0000         0         0         0         0    1.0000    1.0000         0  100.0000    1.0000    1.0500    0.9500
   16.0000    1.0000   40.0000   20.0000         0         0    1.0000    1.0000         0  100.0000    1.0000    1.0500    0.9500
   17.0000    1.0000   20.0000   10.0000         0         0    1.0000    1.0000         0  100.0000    1.0000    1.0500    0.9500
   18.0000    1.0000         0         0         0         0    1.0000    1.0000         0  100.0000    1.0000    1.0500    0.9500
   19.0000    1.0000   40.0000   20.0000         0         0    1.0000    1.0000         0  100.0000    1.0000    1.0500    0.9500
   20.0000    1.0000   40.0000   20.0000         0         0    1.0000    1.0000         0  100.0000    1.0000    1.0500    0.9500
   21.0000    1.0000         0         0         0         0    1.0000    1.0000         0  100.0000    1.0000    1.0500    0.9500
   22.0000    1.0000   40.0000   20.0000         0         0    1.0000    1.0000         0  100.0000    1.0000    1.0500    0.9500
   23.0000    1.0000         0         0         0         0    1.0000    1.0000         0  100.0000    1.0000    1.0500    0.9500
   24.0000    1.0000   40.0000   20.0000         0         0    1.0000    1.0000         0  100.0000    1.0000    1.0500    0.9500
   25.0000    1.0000         0         0         0         0    1.0000    1.0000         0  100.0000    1.0000    1.0500    0.9500
   26.0000    1.0000         0         0         0         0    1.0000    1.0000         0  100.0000    1.0000    1.0500    0.9500
   27.0000    1.0000         0         0         0         0    1.0000    1.0000         0  100.0000    1.0000    1.0500    0.9500
   28.0000    1.0000   40.0000   20.0000         0         0    1.0000    1.0000         0  100.0000    1.0000    1.0500    0.9500
   29.0000    1.0000   40.0000   20.0000         0         0    1.0000    1.0000         0  100.0000    1.0000    1.0500    0.9500
   30.0000    1.0000   40.0000   20.0000         0         0    1.0000    1.0000         0  100.0000    1.0000    1.0500    0.9500
   31.0000    1.0000   20.0000   10.0000         0         0    1.0000    1.0000         0  100.0000    1.0000    1.0500    0.9500
   32.0000    1.0000   20.0000   10.0000         0         0    1.0000    1.0000         0  100.0000    1.0000    1.0500    0.9500
   33.0000    1.0000   40.0000   20.0000         0         0    1.0000    1.0000         0  100.0000    1.0000    1.0500    0.9500
   34.0000    1.0000   40.0000   20.0000         0         0    1.0000    1.0000         0  100.0000    1.0000    1.0500    0.9500
   35.0000    1.0000   40.0000   20.0000         0         0    1.0000    1.0000         0  100.0000    1.0000    1.0500    0.9500
   36.0000    1.0000         0         0         0         0    1.0000    1.0000         0  100.0000    1.0000    1.0500    0.9500
   37.0000    1.0000   40.0000   20.0000         0         0    1.0000    1.0000         0  100.0000    1.0000    1.0500    0.9500
   38.0000    1.0000   20.0000   10.0000         0         0    1.0000    1.0000         0  100.0000    1.0000    1.0500    0.9500
   39.0000    1.0000   20.0000   10.0000         0         0    1.0000    1.0000         0  100.0000    1.0000    1.0500    0.9500
   40.0000    1.0000         0         0         0         0    1.0000    1.0000         0  100.0000    1.0000    1.0500    0.9500
   41.0000    1.0000   20.0000   10.0000         0         0    1.0000    1.0000         0  100.0000    1.0000    1.0500    0.9500
   42.0000    1.0000   20.0000   10.0000         0         0    1.0000    1.0000         0  100.0000    1.0000    1.0500    0.9500
   43.0000    1.0000   40.0000   20.0000         0         0    1.0000    1.0000         0  100.0000    1.0000    1.0500    0.9500
   44.0000    1.0000         0         0         0         0    1.0000    1.0000         0  100.0000    1.0000    1.0500    0.9500
   45.0000    1.0000   20.0000   10.0000         0         0    1.0000    1.0000         0  100.0000    1.0000    1.0500    0.9500
   46.0000    1.0000   20.0000   10.0000         0         0    1.0000    1.0000         0  100.0000    1.0000    1.0500    0.9500
   47.0000    1.0000  105.0000   75.0000         0         0    1.0000    1.0000         0  100.0000    1.0000    1.0500    0.9500
   48.0000    1.0000  210.0000  150.0000         0         0    1.0000    1.0000         0  100.0000    1.0000    1.0500    0.9500
   49.0000    1.0000  140.0000   95.0000         0         0    1.0000    1.0000         0  100.0000    1.0000    1.0500    0.9500
   50.0000    1.0000   40.0000   20.0000         0         0    1.0000    1.0000         0  100.0000    1.0000    1.0500    0.9500
   51.0000    1.0000   20.0000   10.0000         0         0    1.0000    1.0000         0  100.0000    1.0000    1.0500    0.9500
   52.0000    1.0000   40.0000   20.0000         0         0    1.0000    1.0000         0  100.0000    1.0000    1.0500    0.9500
   53.0000    1.0000   40.0000   20.0000         0         0    1.0000    1.0000         0  100.0000    1.0000    1.0500    0.9500
   54.0000    1.0000         0         0         0         0    1.0000    1.0000         0  100.0000    1.0000    1.0500    0.9500
   55.0000    1.0000   20.0000   10.0000         0         0    1.0000    1.0000         0  100.0000    1.0000    1.0500    0.9500
   56.0000    1.0000   20.0000   10.0000         0         0    1.0000    1.0000         0  100.0000    1.0000    1.0500    0.9500
   57.0000    1.0000         0         0         0         0    1.0000    1.0000         0  100.0000    1.0000    1.0500    0.9500
   58.0000    1.0000   20.0000   10.0000         0         0    1.0000    1.0000         0  100.0000    1.0000    1.0500    0.9500
   59.0000    1.0000   20.0000   10.0000         0         0    1.0000    1.0000         0  100.0000    1.0000    1.0500    0.9500
